10
20
30
40
50
60
70
80
100
130
220
240
280
300
320
340
360
380
400
420
500
550
620
1250
1510
2500
2990
3830
4000
4540
4560
4570
4580
4700
6120
6860
6880
7670
8190
8850
8870
8930
8980
9310
9340
9450
9480
11200
11550
12750
13520
15130
15700
15740
17390
17410
17450
18700
19900
20540
20820
20900
20920
22120
22140
22180
22330
22370
22380
23200
23490
24780
26500
26800
26900
33910
34270
34330
35140
35420
35450
35700
35720
38400
38410
38420
39540
40700
40720
40800
40960
41070
41500
41800
42120
42910
43110
44350
47810
47870
48000
48720
49520
49600
50300
50620
55110
55230
57300
58520
63700
63710
70300
70600
70620
71230
71240
71250
71260
71340
72000
72850
92800
94200
99700
102500
102600
102840
105450
105600
107100
107200
107800
108500
108600
108710
113020
113200
115100
200170
200260
200510
200710
200900
201700
201790
202090
202170
203160
204060
204220
204360
204560
205020
205100
205230
205950
206420
207080
207140
207170
207690
208140
208650
208730
209000
209630
209690
209730
209830
211820
212480
212680
213610
214550
214560
214790
214950
215450
216910
218620
219150
219540
219640
219740
219780
219950
219990
220200
221020
221380
221910
222420
222440
222730
222880
224540
224580
224760
225080
225260
225280
225540
226840
227300
227680
227860
228200
228300
228380
229870
230230
230290
231140
231430
232910
233450
233860
233980
234140
234390
236450
236470
236690
236850
236870
237110
237630
238320
238370
238460
239140
239200
239350
241600
241930
242640
242700
242760
243800
244160
244210
244850
245170
246070
246090
250180
250400
250900
251230
251570
252950
254700
255710
256290
257510
258520
261550
261570
261640
262060
263440
264710
265300
265550
266840
267490
268500
268750
272860
274170
274190
275390
275850
281610
281990
282070
283920
283940
283960
283980
284000
284020
284160
285840
285900
286000
286220
288470
289070
289130
290080
292030
292120
292140
292240
292260
292280
292300
292780
292800
292820
292840
292860
294100
294530
294540
294550
294570
294580
294650
294660
294670
294680
294690
294700
294710
294720
295790
297130
298630
300060
301910
304030
304530
305620
306130
307690
310560
311690
312610
316750
317020
317030
319910
320140
322330
322500
323190
323220
323850
324800
327030
327060
329380
330830
332250
332310
333950
341800
341940
345180
346110
349040
349730
352720
355790
356190
357340
359230
359320
360170
361300
361420
362300
363050
363060
363070
365450
366090
366250
366260
366270
367500
367520
367540
369990
373420
373600
374040
374320
376760
376770
377160
378860
379720
383870
386620
387290
387990
388410
389220
391540
392110
394360
394690
394850
396900
397080
399430
399820
400430
405500
406970
407530
409590
409710
409720
410700
410710
411300
412020
413150
416210
418370
420740
424370
424840
425210
427190
427520
431240
435150
437920
438420
439700
440900
442070
442700
445190
445980
446840
449960
457140
457210
457960
460810
462780
463530
464920
465200
466560
471550
474750
474960
475150
476600
476620
477160
486860
489630
489830
491950
494730
496300
500260
503560
512900
513780
516110
517810
518790
520720
520950
521350
524640
526870
530120
530320
532210
534380
535930
544330
546050
546430
546560
550320
552500
553850
555000
557340
564310
566530
570940
571740
572890
576500
578620
582010
587670
588650
593600
597820
599140
602490
606150
607050
609920
610370
614950
617830
618140
620980
623990
628670
628950
632360
635260
637650
638230
641780
641990
644930
645630
646570
650510
654310
661940
674940
678950
683320
684410
686810
690040
696150
700580
701160
702150
703080
704850
710920
717640
717690
718650
719040
723100
728880
729040
731490
735580
738520
748300
751780
753640
758330
760620
774361
774801
774941
779340
788100
793460
794260
809140
813630
814380
815370
824270
835960
844260
845070
847370
856540
860510
861540
863550
871530
873940
881100
892970
894420
895620
914620
924970
928600
931180
936790
938560
945360
950670
951440
971620
972660
975370
976730
979070
990080
996580
998740
999220
1011300
1012880
1013650
1016120
1016790
1017180
1020340
1029780
1044720
1046030
1049280
1049410
1061730
1062090
1066260
1069030
1070580
1071870
1079800
1086940
1091250
1091500
1092790
1093290
1096530
1106840
1113120
1114130
1115690
1119700
1121640
1123770
1127500
1128000
1135570
1138850
1145350
1145360
1145660
1147560
1148650
1158160
1158310
1158500
1167630
1169040
1184480
1194250
1203620
1210320
1217060
1227280
1245620
1253920
1265920
1265930
1282730
1291340
1296610
1325200
1332010
1336490
1337520
1363080
1366540
1372320
1418100
1419160
1424910
1435790
1446780
1449560
1455840
1458140
1486630
1501610
1504860
1518810
1527950
1562430
1593030
1593500
1605220
1608640
1621070
1621690
1623730
1634500
1637320
1649080
1649240
1657630
1669000
1677280
1712840
1737870
1740720
1760330
1772830
1773180
1794680
1857090
1874000
1928980
1929870
1934680
1942280
1948280
1966720
1966900
1970580
2054970
2066020
2084520
2088570
2162800
2215430
2218750
2321470
2322010
2334730
2342950
2379780
2380050
2424650
2440380
2666510
2670630
2737300
2881650
3070070